904
232 72
54 69
681 394
239 207
498 345
792 573
457 256
231 415
202 630
572 862
739 275
575 243
5 646
106 8
84 801
118 484
702 730
584 372
649 526
319 130
649 676
122 58
111 126
191 352
679 450
366 482
613 104
179 186
18 299
85 201
26 54
705 577
225 151
345 234
288 815
536 213
54 382
558 90
408 50
425 524
784 520
370 47
318 481
421 479
689 506
42 522
793 787
556 400
388 401
47 17
24 48
57 258
420 570
287 79
55 177
62 45
407 440
521 419
202 93
616 718
236 779
578 39
354 402
80 6
34 158
296 223
225 335
120 89
22 1
631 895
724 705
230 95
252 218
385 118
714 852
840 533
371 109
889 37
263 236
17 5
480 290
23 350
803 417
327 272
598 242
69 110
394 577
614 197
337 107
373 509
148 82
194 130
46 242
154 269
864 57
778 753
466 504
313 141
472 789
274 343
194 901
22 260
708 73
837 105
226 151
641 102
587 486
140 8
656 68
542 547
462 80
648 353
26 57
617 593
382 634
341 239
120 240
114 11
766 462
820 619
94 668
446 530
402 900
602 790
629 827
897 139
12 37
233 47
118 52
847 542
608 352
329 812
81 164
19 379
282 293
475 52
161 650
143 771
137 105
60 56
133 220
733 482
626 299
596 593
352 622
339 361
6 52
464 729
357 454
398 569
152 334
566 879
111 624
146 51
227 378
125 354
218 280
153 284
11 427
541 497
787 800
382 892
828 510
97 96
3 40
491 615
753 511
95 873
180 224
430 156
193 196
396 348
359 694
197 328
377 135
291 338
725 747
198 122
549 896
48 576
98 55
593 37
161 205
328 369
440 762
44 13
783 672
321 285
700 709
517 430
290 362
21 154
183 145
314 80
483 559
7 88
397 129
494 79
332 69
275 146
262 239
73 157
10 235
104 704
777 405
898 347
7 159
4 7
782 548
331 333
128 317
90 167
785 626
11 14
383 735
829 317
187 629
9 128
281 270
446 168
485 243
257 155
830 625
119 750
95 176
66 184
167 392
162 115
409 205
505 365
159 216
28 32
79 204
204 473
183 234
25 11
620 568
38 139
738 331
110 112
200 476
610 22
372 1
818 547
273 239
539 68
33 302
149 127
521 714
621 270
208 28
445 548
20 17
674 360
486 424
26 434
313 406
113 725
19 5
823 299
335 419
21 3
9 5
294 463
609 41
164 349
315 217
558 734
588 429
185 14
59 347
38 145
107 17
805 139
798 176
258 259
364 437
499 780
549 888
884 146
651 364
528 166
448 508
221 357
282 445
32 168
251 129
441 263
894 606
712 634
76 53
607 207
336 129
94 59
41 244
28 6
330 275
199 12
34 429
359 744
842 589
500 474
247 90
431 10
209 159
309 199
7 221
24 282
171 102
31 104
73 54
4 5
25 161
589 554
413 804
340 398
89 713
150 23
317 682
761 446
177 507
491 28
54 752
61 101
667 471
343 671
633 760
891 839
123 54
247 254
748 588
413 313
52 156
497 80
859 7
64 218
383 672
53 87
653 486
267 688
331 295
42 806
732 770
550 483
110 211
212 50
476 503
181 118
181 693
89 229
187 545
137 523
213 172
249 98
270 358
422 107
878 478
179 94
438 167
342 266
239 554
47 277
261 218
856 324
34 58
125 115
24 515
423 692
199 518
108 219
518 702
234 405
414 209
885 259
383 371
170 112
106 353
210 876
77 75
52 565
583 471
18 387
857 200
51 811
424 150
75 44
182 98
228 14
555 481
90 108
7 443
265 228
178 77
99 773
108 267
228 758
456 118
406 499
5 41
425 432
142 511
30 85
169 435
673 535
28 36
395 471
386 128
42 15
180 16
604 289
553 31
532 131
252 270
52 152
186 298
703 853
418 594
406 808
202 464
230 238
81 96
105 85
410 6
348 899
452 344
509 774
240 245
612 352
153 807
355 125
869 265
265 659
337 631
242 271
62 390
206 436
162 189
49 117
362 451
57 133
356 549
432 599
55 79
1 292
22 65
18 14
195 866
6 3
489 253
11 3
388 211
834 530
644 336
203 306
77 736
30 129
8 278
180 286
173 197
813 443
770 822
505 643
257 295
124 85
178 325
214 2
703 152
200 635
352 640
467 291
214 745
365 265
655 608
141 9
320 107
686 507
732 204
99 155
797 277
472 723
24 399
728 689
12 1
627 123
406 453
483 571
62 91
373 204
256 304
217 45
229 715
678 259
478 374
1 49
551 522
133 195
37 51
181 658
7 45
285 229
557 159
16 5
147 791
53 71
481 701
81 586
46 5
311 339
297 30
877 244
546 865
302 776
57 274
487 854
881 2
904 620
188 187
356 300
547 562
487 331
560 36
527 115
39 50
428 318
292 404
5 70
10 165
150 206
841 413
601 105
384 707
868 817
175 50
324 526
46 344
223 375
698 669
787 655
276 149
441 749
616 445
123 174
605 165
289 764
391 202
64 22
136 253
839 602
119 871
309 512
844 293
222 79
18 26
395 477
30 711
387 685
855 591
616 874
209 719
127 851
370 647
316 253
108 291
236 8
388 716
17 606
7 27
386 742
880 50
665 357
169 73
165 207
731 302
380 338
49 376
180 848
29 39
93 3
2 288
439 278
652 640
134 76
188 465
519 509
860 196
307 619
376 642
349 863
189 412
67 843
182 403
83 394
669 219
490 632
374 46
3 2
666 310
552 291
591 314
153 52
4 10
28 74
838 497
228 754
395 458
455 270
513 251
628 303
169 618
2 53
248 367
788 272
250 459
158 687
111 51
406 546
510 110
496 446
466 349
598 890
861 619
39 303
368 212
455 533
148 191
65 82
103 763
266 90
633 870
19 35
468 50
228 684
16 132
81 102
540 446
180 759
403 809
114 223
595 222
602 231
1 203
524 727
245 248
101 637
175 814
420 4
695 58
177 190
821 283
90 312
100 91
195 323
492 95
1 2
450 55
15 4
810 475
25 645
53 151
21 66
38 35
74 119
16 237
662 95
442 5
173 17
537 353
585 886
300 234
454 581
755 530
741 181
113 326
720 105
210 603
755 816
483 292
51 55
210 157
448 247
58 311
7 24
710 174
33 59
294 130
16 30
2 147
651 796
675 287
664 486
514 97
867 83
17 31
309 535
103 63
80 86
176 534
548 600
580 351
318 322
72 13
223 241
516 182
53 113
89 27
845 411
480 717
22 590
192 493
849 720
288 416
797 833
501 121
737 127
872 188
63 39
34 772
13 3
525 58
417 248
68 115
4 131
97 364
302 858
16 81
18 283
365 654
609 825
130 138
743 8
668 846
346 200
546 795
180 625
272 194
490 322
433 23
677 258
122 268
207 470
84 160
340 61
44 163
61 45
732 769
76 192
590 680
272 324
802 600
786 249
301 699
767 380
903 517
817 49
198 506
130 47
174 289
887 8
474 359
31 121
270 301
147 639
661 326
111 411
29 17
663 297
12 99
12 34
423 268
114 384
544 116
348 147
561 241
406 831
893 125
72 447
426 187
611 35
186 421
54 172
408 902
567 88
116 3
329 46
835 570
7 8
227 225
93 461
875 753
351 272
400 106
86 597
92 4
188 579
318 177
363 301
60 425
460 285
345 381
618 799
529 454
269 585
163 256
691 541
740 345
98 307
22 56
636 850
280 568
657 454
193 102
90 37
204 566
366 345
824 392
521 751
83 84
213 418
472 468
494 768
488 285
298 563
819 384
204 592
531 58
73 127
92 246
3 4
395 181
538 255
11 135
427 572
491 543
75 264
96 407
10 143
203 250
623 287
33 22
346 690
142 130
109 94
292 826
77 310
775 168
722 486
583 638
795 836
32 495
106 359
287 683
231 200
83 20
17 67
169 574
882 630
255 96
502 25
